num_of_generated_blocks: 1043
num_of_valid_blocks: 1001
num_of_stale_blocks: 42
stale_rate: 0.04026846
num_of_forks: 42
fork_rate: 0.04195804
average_block_time_main: 241.17082917 rounds/block
block_throughput_main: 0.00414644 blocks/round
throughput_main_MB: 0.03317151 MB/round
average_block_time_total: 231.45925216 rounds/block
block_throughput_total: 0.00432041 blocks/round
throughput_total_MB: 0.03456332 MB/round
total_round: 241412
average_chain_growth_in_honest_miners'_chain: 1000.00390625
chain_quality_property: {'Honest Block': 1002, 'Adversary Block': 0}
ratio_of_blocks_contributed_by_malicious_players: 0.0
upper_bound t/(n-t): 0.0
block_propagation_times: {0.01: 0.0, 0.013530085167535977: 0.0, 0.026220012099792044: 2.0, 0.049577826814096546: 3.0, 0.08452760486825249: 4.0, 0.13176408032834178: 5.0, 0.191851938222841: 6.0, 0.26527064247123766: 7.0, 0.3524389484561227: 8.0, 0.4537299104655826: 9.0, 0.5694807950835722: 10.0, 0.7: 11.0, 0.7052412033907868: 12.0, 0.7240822468528069: 13.0, 0.7587621630224883: 14.0, 0.8106529493778073: 15.0, 0.8807860945004926: 16.0, 0.97: 17.0, 0.99: 18.0, 1.0: 19.0}
